%YAML:1.0
---
# Face tracker type: 0(Unknown) 1(ASM) 2(MT)
TrackerType: 1
ImageSize: [ 4096, 2048 ]
# Face feature points in image space. Invalid points have zero coordinates
Point2f: !!opencv-matrix
   rows: 1
   cols: 77
   dt: "2f"
   data: [ 1.52557031e+03, 9.01688904e+02, 1.52130371e+03,
       1.04391113e+03, 1.52414807e+03, 1.17475562e+03, 1.54548145e+03,
       1.31982227e+03, 1.67205920e+03, 1.54453333e+03, 1.87164453e+03,
       1.63555554e+03, 2.04515564e+03, 1.64693335e+03, 2.21297778e+03,
       1.62702222e+03, 2.46565918e+03, 1.52746667e+03, 2.59223706e+03,
       1.29706665e+03, 2.61357031e+03, 1.14631116e+03, 2.61641479e+03,
       1.03253333e+03, 2.61214819e+03, 9.07377808e+02, 2.28124438e+03,
       4.38044464e+02, 2.05368896e+03, 3.89688904e+02, 1.82613342e+03,
       4.32355560e+02, 1.87448889e+03, 7.16799988e+02, 1.75786670e+03,
       7.19644470e+02, 1.66115564e+03, 7.90755554e+02, 1.76355554e+03,
       7.65155579e+02, 1.86880005e+03, 768., 1.97404443e+03,
       7.79377808e+02, 2.16177783e+03, 7.85066711e+02, 2.24995557e+03,
       7.22488892e+02, 2.35519995e+03, 7.22488892e+02, 2.44622217e+03,
       7.90755554e+02, 2.35235571e+03, 768., 2.25564453e+03,
       7.76533325e+02, 2.29546680e+03, 8.22044495e+02, 1.83466675e+03,
       8.16355591e+02, 1.92568896e+03, 8.98844482e+02, 1.88017786e+03,
       8.64711121e+02, 1.83466675e+03, 8.50488892e+02, 1.78915564e+03,
       8.64711121e+02, 1.74364453e+03, 8.98844482e+02, 1.78915564e+03,
       9.18755554e+02, 1.83466675e+03, 9.27288940e+02, 1.88017786e+03,
       9.18755554e+02, 1.84035559e+03, 8.84622253e+02, 2.29262231e+03,
       8.93155579e+02, 2.20444458e+03, 9.01688904e+02, 2.24995557e+03,
       8.70400024e+02, 2.29831128e+03, 8.56177795e+02, 2.34097778e+03,
       8.70400024e+02, 2.38080005e+03, 9.07377808e+02, 2.33813330e+03,
       9.24444458e+02, 2.29262231e+03, 9.32977783e+02, 2.24995557e+03,
       9.24444458e+02, 2.13617773e+03, 9.98400024e+02, 2.06791113e+03,
       9.98400024e+02, 1.99680005e+03, 9.98400024e+02, 1.99680005e+03,
       1.12071118e+03, 2.07360010e+03, 1.06382227e+03, 2.13902222e+03,
       1.12355554e+03, 2.21582227e+03, 1.12071118e+03, 2.17031128e+03,
       1.16337781e+03, 2.06506665e+03, 1.17475562e+03, 1.95697778e+03,
       1.15768896e+03, 1.91146667e+03, 1.11786670e+03, 1.83751111e+03,
       1.32266675e+03, 1.93137781e+03, 1.28284448e+03, 2.01386670e+03,
       1.26862219e+03, 2.06222217e+03, 1.27146667e+03, 2.10773340e+03,
       1.27146667e+03, 2.18168896e+03, 1.28568896e+03, 2.25848901e+03,
       1.32551111e+03, 2.15040015e+03, 1.29991113e+03, 2.05653345e+03,
       1.29991113e+03, 1.96266675e+03, 1.29706665e+03, 1.95982227e+03,
       1.31697778e+03, 2.05368896e+03, 1.31982227e+03, 2.14755566e+03,
       1.31697778e+03, 2.19306665e+03, 1.35111108e+03, 2.12480005e+03,
       1.35395557e+03, 2.05084448e+03, 1.35111108e+03, 1.97404443e+03,
       1.34826672e+03, 1.90577783e+03, 1.34542224e+03 ]
# Face feature points in 3d object space. Invalid points have zero coordinates
Point3f: !!opencv-matrix
   rows: 1
   cols: 77
   dt: "3f"
   data: [ -6.41683121e+01, 9.61650753e+00, 3.37946930e+01,
       -6.71470871e+01, -1.06207161e+01, 3.33638039e+01, -6.75142441e+01,
       -2.91221542e+01, 3.20160904e+01, -6.42122955e+01, -4.96331787e+01,
       3.05101223e+01, -4.36035500e+01, -8.13286514e+01, 2.75543118e+01,
       -2.08365765e+01, -9.51082993e+01, 3.40206795e+01, -3.78386706e-01,
       -9.81192551e+01, 4.53228951e+01, 2.19257755e+01, -9.50845718e+01,
       4.37424545e+01, 5.13280754e+01, -7.91498795e+01, 2.96396084e+01,
       7.19107590e+01, -4.63156242e+01, 2.99307823e+01, 7.49642792e+01,
       -2.49358253e+01, 3.09711514e+01, 7.46513901e+01, -8.84450150e+00,
       3.21176910e+01, 7.18638000e+01, 8.93276596e+00, 3.27533226e+01,
       2.60028992e+01, 7.38780060e+01, 4.91412697e+01, 6.04138792e-01,
       8.07132492e+01, 4.96575775e+01, -2.41008549e+01, 7.48590393e+01,
       4.77613487e+01, -2.40331612e+01, 3.24326553e+01, 6.27968712e+01,
       -3.93960686e+01, 3.27101135e+01, 5.72321548e+01, -5.13506851e+01,
       2.35036163e+01, 4.95881462e+01, -3.96627235e+01, 2.60137367e+01,
       5.88898315e+01, -2.48693733e+01, 2.52333431e+01, 6.19406166e+01,
       -1.00388613e+01, 2.36427937e+01, 6.16746216e+01, 1.55501957e+01,
       2.28335400e+01, 6.16554451e+01, 2.84194508e+01, 3.15563602e+01,
       6.33237038e+01, 4.32471352e+01, 3.20322685e+01, 5.94477463e+01,
       5.55795517e+01, 2.31081161e+01, 5.28092384e+01, 4.36055374e+01,
       2.54366608e+01, 6.02847214e+01, 2.88580456e+01, 2.41151028e+01,
       6.11329651e+01, 3.49806252e+01, 1.76986046e+01, 6.05111885e+01,
       -2.98135109e+01, 1.84801006e+01, 6.07564201e+01, -1.54236727e+01,
       7.68960094e+00, 5.27930794e+01, -2.26188374e+01, 1.19173479e+01,
       5.80208015e+01, -2.97395802e+01, 1.37093353e+01, 5.99512177e+01,
       -3.56547508e+01, 1.20252514e+01, 5.71419983e+01, -3.96131630e+01,
       8.01228046e+00, 5.01650658e+01, -3.46183662e+01, 4.73072052e+00,
       5.37562485e+01, -2.84698925e+01, 3.37123442e+00, 5.49133911e+01,
       -2.18779449e+01, 4.66456556e+00, 5.42950401e+01, -2.81972694e+01,
       9.16784286e+00, 5.72787476e+01, 3.37657585e+01, 7.94311237e+00,
       5.73383904e+01, 1.99608631e+01, 7.24906301e+00, 5.30759773e+01,
       2.71573105e+01, 1.12485552e+01, 5.68576927e+01, 3.54527664e+01,
       1.28928823e+01, 5.99907074e+01, 4.16719894e+01, 1.10589809e+01,
       5.84016533e+01, 4.53831406e+01, 6.51481676e+00, 5.24459381e+01,
       3.97017326e+01, 3.84817672e+00, 5.43339996e+01, 3.31976814e+01,
       2.52200747e+00, 5.52197952e+01, 2.66390419e+01, 3.85013437e+00,
       5.43180618e+01, 1.37628870e+01, -8.72639561e+00, 7.08157654e+01,
       3.33419418e+00, -9.70150948e+00, 7.87574234e+01, -7.67643738e+00,
       -8.28895950e+00, 6.72531281e+01, -8.40689182e+00, -2.66104126e+01,
       7.43545380e+01, 4.53843403e+00, -1.96740932e+01, 8.39626617e+01,
       1.50237370e+01, -2.70199089e+01, 7.43846054e+01, 2.52285061e+01,
       -2.52704487e+01, 6.34413948e+01, 1.84341717e+01, -3.14219742e+01,
       6.39666138e+01, 2.70748115e+00, -3.37887306e+01, 7.00223007e+01,
       -1.36793242e+01, -3.06514130e+01, 6.43008804e+01, -1.95665684e+01,
       -2.44110909e+01, 5.97474861e+01, -2.91761627e+01, -5.26032372e+01,
       5.13943329e+01, -1.70985947e+01, -4.79031143e+01, 5.93848228e+01,
       -5.33512688e+00, -4.67870293e+01, 6.68200607e+01, 2.26613045e+00,
       -4.74372406e+01, 6.88106384e+01, 9.49237728e+00, -4.73701630e+01,
       6.82642822e+01, 2.04680309e+01, -4.87717628e+01, 6.31544266e+01,
       2.95410633e+01, -5.31359177e+01, 5.24276962e+01, 1.57920599e+01,
       -5.09294701e+01, 6.42025604e+01, 1.33723307e+00, -5.12273331e+01,
       6.66284637e+01, -1.28294191e+01, -5.02545166e+01, 6.20104599e+01,
       -1.33583336e+01, -5.31389809e+01, 6.23676491e+01, 8.99356902e-01,
       -5.41360359e+01, 6.71829453e+01, 1.54663858e+01, -5.34231300e+01,
       6.46818237e+01, 2.18313923e+01, -5.77322464e+01, 6.01167946e+01,
       1.21369104e+01, -5.88709602e+01, 6.60858917e+01, 4.51777101e-01,
       -5.85924187e+01, 6.71223221e+01, -1.13848476e+01, -5.77520294e+01,
       6.35828819e+01, -2.02868843e+01, -5.63266830e+01, 5.52794037e+01 ]
